Id,X,Y,Width,Height
01HZ2,175000,600000,5000,6250
01GZ2,165000,600000,5000,6250
02EZ1,200000,612500,5000,6250
02CZ2,185000,600000,5000,6250
02DN1,190000,606250,5000,6250
02DZ1,190000,600000,5000,6250
01HN1,170000,606250,5000,6250
01GN1,160000,606250,5000,6250
01CZ2,145000,600000,5000,6250
01DZ1,150000,600000,5000,6250
01HN2,175000,606250,5000,6250
02CZ1,180000,600000,5000,6250
02CN2,185000,606250,5000,6250
01GN2,165000,606250,5000,6250
02DZ2,195000,600000,5000,6250
02FZ1,210000,612500,5000,6250
01CZ1,140000,600000,5000,6250
01HZ1,170000,600000,5000,6250
02EZ2,205000,612500,5000,6250
02CN1,180000,606250,5000,6250
02FZ2,215000,612500,5000,6250
01GZ1,160000,600000,5000,6250
01DZ2,155000,600000,5000,6250
03DZ2,235000,600000,5000,6250
02GN1,200000,606250,5000,6250
03GN1,240000,606250,5000,6250
03GN2,245000,606250,5000,6250
02GN2,205000,606250,5000,6250
02HN2,215000,606250,5000,6250
03DN1,230000,606250,5000,6250
02HZ1,210000,600000,5000,6250
03DZ1,230000,600000,5000,6250
02HN1,210000,606250,5000,6250
03GZ1,240000,600000,5000,6250
03CZ2,225000,600000,5000,6250
02GZ2,205000,600000,5000,6250
03HN1,250000,606250,5000,6250
03CZ1,220000,600000,5000,6250
03AZ1,220000,612500,5000,6250
03GZ2,245000,600000,5000,6250
03DN2,235000,606250,5000,6250
02HZ2,215000,600000,5000,6250
05AN1,140000,593750,5000,6250
02GZ1,200000,600000,5000,6250
03HZ1,250000,600000,5000,6250
04EZ2,125000,587500,5000,6250
04GZ1,120000,575000,5000,6250
04FZ2,135000,587500,5000,6250
04FZ1,130000,587500,5000,6250
03HZ2,255000,600000,5000,6250
04GN1,120000,581250,5000,6250
04DN2,115000,581250,5000,6250
05DZ2,155000,575000,5000,6250
04GN2,125000,581250,5000,6250
04FN2,135000,593750,5000,6250
05FZ1,170000,587500,5000,6250
05HN1,170000,581250,5000,6250
05BN1,150000,593750,5000,6250
05GN2,165000,581250,5000,6250
05EZ2,165000,587500,5000,6250
04DZ2,115000,575000,5000,6250
05AN2,145000,593750,5000,6250
06BN1,190000,593750,5000,6250
05HZ1,170000,575000,5000,6250
05FZ2,175000,587500,5000,6250
05FN1,170000,593750,5000,6250
05EZ1,160000,587500,5000,6250
05DN2,155000,581250,5000,6250
05HZ2,175000,575000,5000,6250
05GN1,160000,581250,5000,6250
05GZ1,160000,575000,5000,6250
06AZ1,180000,587500,5000,6250
05FN2,175000,593750,5000,6250
06BN2,195000,593750,5000,6250
06AZ2,185000,587500,5000,6250
06CN1,180000,581250,5000,6250
06AN2,185000,593750,5000,6250
05GZ2,165000,575000,5000,6250
05HN2,175000,581250,5000,6250
06CN2,185000,581250,5000,6250
06DN1,190000,581250,5000,6250
06AN1,180000,593750,5000,6250
06DZ1,190000,575000,5000,6250
06CZ2,185000,575000,5000,6250
06BZ2,195000,587500,5000,6250
06CZ1,180000,575000,5000,6250
06DN2,195000,581250,5000,6250
06GN1,200000,581250,5000,6250
06BZ1,190000,587500,5000,6250
06GZ2,205000,575000,5000,6250
06EN2,205000,593750,5000,6250
06HZ2,215000,575000,5000,6250
06GN2,205000,581250,5000,6250
06EN1,200000,593750,5000,6250
06EZ1,200000,587500,5000,6250
07AN2,225000,593750,5000,6250
06GZ1,200000,575000,5000,6250
06DZ2,195000,575000,5000,6250
06HN2,215000,581250,5000,6250
06HN1,210000,581250,5000,6250
07AN1,220000,593750,5000,6250
07BN1,230000,593750,5000,6250
06EZ2,205000,587500,5000,6250
06FN1,210000,593750,5000,6250
06FZ2,215000,587500,5000,6250
07DN1,230000,581250,5000,6250
06FZ1,210000,587500,5000,6250
07BN2,235000,593750,5000,6250
06FN2,215000,593750,5000,6250
07AZ2,225000,587500,5000,6250
06HZ1,210000,575000,5000,6250
07BZ1,230000,587500,5000,6250
07AZ1,220000,587500,5000,6250
07CN2,225000,581250,5000,6250
07FZ1,250000,587500,5000,6250
07DZ2,235000,575000,5000,6250
07CZ1,220000,575000,5000,6250
07DZ1,230000,575000,5000,6250
07DN2,235000,581250,5000,6250
07CZ2,225000,575000,5000,6250
07BZ2,235000,587500,5000,6250
07CN1,220000,581250,5000,6250
07EZ2,245000,587500,5000,6250
07EN2,245000,593750,5000,6250
07EN1,240000,593750,5000,6250
07GZ1,240000,575000,5000,6250
07EZ1,240000,587500,5000,6250
07HN1,250000,581250,5000,6250
07FN2,255000,593750,5000,6250
07HN2,255000,581250,5000,6250
07GN1,240000,581250,5000,6250
07FN1,250000,593750,5000,6250
08AZ1,260000,587500,5000,6250
07FZ2,255000,587500,5000,6250
07GZ2,245000,575000,5000,6250
08DZ1,270000,575000,5000,6250
08AN1,260000,593750,5000,6250
07GN2,245000,581250,5000,6250
08DN1,270000,581250,5000,6250
07HZ1,250000,575000,5000,6250
09BN2,115000,568750,5000,6250
08CN1,260000,581250,5000,6250
08CZ1,260000,575000,5000,6250
08CZ2,265000,575000,5000,6250
08AZ2,265000,587500,5000,6250
09BZ1,110000,562500,5000,6250
07HZ2,255000,575000,5000,6250
08DZ2,275000,575000,5000,6250
08CN2,265000,581250,5000,6250
09BZ2,115000,562500,5000,6250
08DN2,275000,581250,5000,6250
09DN1,110000,556250,5000,6250
09CN2,105000,556250,5000,6250
09BN1,110000,568750,5000,6250
09DN2,115000,556250,5000,6250
09HZ1,130000,550000,5000,6250
09DZ2,115000,550000,5000,6250
09EZ1,120000,562500,5000,6250
09AZ2,105000,562500,5000,6250
09CZ2,105000,550000,5000,6250
09DZ1,110000,550000,5000,6250
09EN1,120000,568750,5000,6250
10AZ2,145000,562500,5000,6250
10DZ2,155000,550000,5000,6250
10CN2,145000,556250,5000,6250
10EN1,160000,568750,5000,6250
09HN2,135000,556250,5000,6250
10BN2,155000,568750,5000,6250
10DN2,155000,556250,5000,6250
10DN1,150000,556250,5000,6250
10BN1,150000,568750,5000,6250
10BZ1,150000,562500,5000,6250
10FN2,175000,568750,5000,6250
10CN1,140000,556250,5000,6250
09HZ2,135000,550000,5000,6250
11AN1,180000,568750,5000,6250
10FN1,170000,568750,5000,6250
10GZ1,160000,550000,5000,6250
10BZ2,155000,562500,5000,6250
10FZ2,175000,562500,5000,6250
10EN2,165000,568750,5000,6250
10GN2,165000,556250,5000,6250
10EZ1,160000,562500,5000,6250
10FZ1,170000,562500,5000,6250
11BN1,190000,568750,5000,6250
10HN1,170000,556250,5000,6250
11AN2,185000,568750,5000,6250
10HN2,175000,556250,5000,6250
10HZ2,175000,550000,5000,6250
10EZ2,165000,562500,5000,6250
11DZ2,195000,550000,5000,6250
11CZ1,180000,550000,5000,6250
11AZ2,185000,562500,5000,6250
11AZ1,180000,562500,5000,6250
11DN2,195000,556250,5000,6250
10GN1,160000,556250,5000,6250
10GZ2,165000,550000,5000,6250
10HZ1,170000,550000,5000,6250
11EN2,205000,568750,5000,6250
11CZ2,185000,550000,5000,6250
11BZ2,195000,562500,5000,6250
11DN1,190000,556250,5000,6250
11BZ1,190000,562500,5000,6250
11DZ1,190000,550000,5000,6250
11CN2,185000,556250,5000,6250
11BN2,195000,568750,5000,6250
11EZ2,205000,562500,5000,6250
11GN2,205000,556250,5000,6250
11CN1,180000,556250,5000,6250
11HN2,215000,556250,5000,6250
11GN1,200000,556250,5000,6250
11FN1,210000,568750,5000,6250
11HZ1,210000,550000,5000,6250
11FZ2,215000,562500,5000,6250
11EN1,200000,568750,5000,6250
11GZ1,200000,550000,5000,6250
11GZ2,205000,550000,5000,6250
11FN2,215000,568750,5000,6250
11EZ1,200000,562500,5000,6250
12CN1,220000,556250,5000,6250
12AZ2,225000,562500,5000,6250
11FZ1,210000,562500,5000,6250
12FN2,255000,568750,5000,6250
12BZ1,230000,562500,5000,6250
11HN1,210000,556250,5000,6250
12AN1,220000,568750,5000,6250
12BN1,230000,568750,5000,6250
12AN2,225000,568750,5000,6250
12BZ2,235000,562500,5000,6250
12AZ1,220000,562500,5000,6250
12EN1,240000,568750,5000,6250
12DN1,230000,556250,5000,6250
11HZ2,215000,550000,5000,6250
12CZ2,225000,550000,5000,6250
12BN2,235000,568750,5000,6250
12FN1,250000,568750,5000,6250
12DN2,235000,556250,5000,6250
12EZ2,245000,562500,5000,6250
12CN2,225000,556250,5000,6250
12CZ1,220000,550000,5000,6250
12DZ2,235000,550000,5000,6250
12GZ1,240000,550000,5000,6250
12EN2,245000,568750,5000,6250
12DZ1,230000,550000,5000,6250
12GN2,245000,556250,5000,6250
13AN1,260000,568750,5000,6250
12GZ2,245000,550000,5000,6250
12FZ2,255000,562500,5000,6250
12EZ1,240000,562500,5000,6250
12GN1,240000,556250,5000,6250
12HN1,250000,556250,5000,6250
12HN2,255000,556250,5000,6250
13BN2,275000,568750,5000,6250
12HZ1,250000,550000,5000,6250
12FZ1,250000,562500,5000,6250
13CZ2,265000,550000,5000,6250
13AZ2,265000,562500,5000,6250
13BN1,270000,568750,5000,6250
12HZ2,255000,550000,5000,6250
13AN2,265000,568750,5000,6250
14AN2,105000,543750,5000,6250
13DN2,275000,556250,5000,6250
13DZ2,275000,550000,5000,6250
13BZ2,275000,562500,5000,6250
13BZ1,270000,562500,5000,6250
13CZ1,260000,550000,5000,6250
13AZ1,260000,562500,5000,6250
14AZ2,105000,537500,5000,6250
14BZ2,115000,537500,5000,6250
13CN1,260000,556250,5000,6250
14EN2,125000,543750,5000,6250
14DZ1,110000,525000,5000,6250
14BZ1,110000,537500,5000,6250
14EN1,120000,543750,5000,6250
14EZ2,125000,537500,5000,6250
13CN2,265000,556250,5000,6250
14EZ1,120000,537500,5000,6250
13DN1,270000,556250,5000,6250
14BN1,110000,543750,5000,6250
14DZ2,115000,525000,5000,6250
14DN1,110000,531250,5000,6250
14CZ2,105000,525000,5000,6250
14CN2,105000,531250,5000,6250
13DZ1,270000,550000,5000,6250
14DN2,115000,531250,5000,6250
14HN2,135000,531250,5000,6250
14BN2,115000,543750,5000,6250
14GN2,125000,531250,5000,6250
14CZ1,100000,525000,5000,6250
14FN1,130000,543750,5000,6250
14FZ1,130000,537500,5000,6250
14FZ2,135000,537500,5000,6250
15CZ2,145000,525000,5000,6250
15EN2,165000,543750,5000,6250
15BN1,150000,543750,5000,6250
15EZ1,160000,537500,5000,6250
15EZ2,165000,537500,5000,6250
14GZ2,125000,525000,5000,6250
15BZ1,150000,537500,5000,6250
15CZ1,140000,525000,5000,6250
14HN1,130000,531250,5000,6250
14GN1,120000,531250,5000,6250
15BZ2,155000,537500,5000,6250
14HZ1,130000,525000,5000,6250
14HZ2,135000,525000,5000,6250
15FN2,175000,543750,5000,6250
14GZ1,120000,525000,5000,6250
15BN2,155000,543750,5000,6250
15EN1,160000,543750,5000,6250
15FN1,170000,543750,5000,6250
15FZ2,175000,537500,5000,6250
15GN2,165000,531250,5000,6250
15HZ1,170000,525000,5000,6250
15FZ1,170000,537500,5000,6250
16CN2,185000,531250,5000,6250
15HN1,170000,531250,5000,6250
16BN1,190000,543750,5000,6250
16AN1,180000,543750,5000,6250
15GZ2,165000,525000,5000,6250
16AN2,185000,543750,5000,6250
16CN1,180000,531250,5000,6250
16AZ1,180000,537500,5000,6250
16BN2,195000,543750,5000,6250
16DN1,190000,531250,5000,6250
16AZ2,185000,537500,5000,6250
16CZ2,185000,525000,5000,6250
16CZ1,180000,525000,5000,6250
16DN2,195000,531250,5000,6250
16BZ2,195000,537500,5000,6250
15HZ2,175000,525000,5000,6250
15HN2,175000,531250,5000,6250
16EN1,200000,543750,5000,6250
16DZ1,190000,525000,5000,6250
16FN2,215000,543750,5000,6250
16FN1,210000,543750,5000,6250
16GN1,200000,531250,5000,6250
16EZ2,205000,537500,5000,6250
16HN1,210000,531250,5000,6250
16FZ1,210000,537500,5000,6250
16EN2,205000,543750,5000,6250
17AN2,225000,543750,5000,6250
16FZ2,215000,537500,5000,6250
16EZ1,200000,537500,5000,6250
17AZ2,225000,537500,5000,6250
16DZ2,195000,525000,5000,6250
16HN2,215000,531250,5000,6250
16BZ1,190000,537500,5000,6250
16GZ1,200000,525000,5000,6250
16HZ1,210000,525000,5000,6250
16HZ2,215000,525000,5000,6250
16GZ2,205000,525000,5000,6250
17BZ1,230000,537500,5000,6250
17EN2,245000,543750,5000,6250
17CZ2,225000,525000,5000,6250
17EN1,240000,543750,5000,6250
16GN2,205000,531250,5000,6250
17CN2,225000,531250,5000,6250
17AN1,220000,543750,5000,6250
17AZ1,220000,537500,5000,6250
17BN2,235000,543750,5000,6250
17FZ1,250000,537500,5000,6250
17DZ1,230000,525000,5000,6250
17BZ2,235000,537500,5000,6250
17FN1,250000,543750,5000,6250
17DN2,235000,531250,5000,6250
17CZ1,220000,525000,5000,6250
17BN1,230000,543750,5000,6250
17HZ2,255000,525000,5000,6250
17CN1,220000,531250,5000,6250
17GN2,245000,531250,5000,6250
17EZ1,240000,537500,5000,6250
17DN1,230000,531250,5000,6250
17GZ1,240000,525000,5000,6250
17EZ2,245000,537500,5000,6250
17FN2,255000,543750,5000,6250
17HZ1,250000,525000,5000,6250
18CZ2,265000,525000,5000,6250
17DZ2,235000,525000,5000,6250
18AN1,260000,543750,5000,6250
18CN1,260000,531250,5000,6250
18BN1,270000,543750,5000,6250
18BZ1,270000,537500,5000,6250
19AN2,105000,518750,5000,6250
17HN1,250000,531250,5000,6250
18AN2,265000,543750,5000,6250
17FZ2,255000,537500,5000,6250
18AZ1,260000,537500,5000,6250
17HN2,255000,531250,5000,6250
18AZ2,265000,537500,5000,6250
19AN1,100000,518750,5000,6250
17GN1,240000,531250,5000,6250
17GZ2,245000,525000,5000,6250
19BN2,115000,518750,5000,6250
18CZ1,260000,525000,5000,6250
19BZ2,115000,512500,5000,6250
19CN2,105000,506250,5000,6250
19AZ2,105000,512500,5000,6250
19BZ1,110000,512500,5000,6250
18CN2,265000,531250,5000,6250
19AZ1,100000,512500,5000,6250
18HZ2,95000,500000,5000,6250
19CZ1,100000,500000,5000,6250
19CZ2,105000,500000,5000,6250
19DN1,110000,506250,5000,6250
19EZ2,125000,512500,5000,6250
19DN2,115000,506250,5000,6250
19CN1,100000,506250,5000,6250
19BN1,110000,518750,5000,6250
19EN1,120000,518750,5000,6250
19FZ2,135000,512500,5000,6250
19DZ1,110000,500000,5000,6250
19EZ1,120000,512500,5000,6250
19EN2,125000,518750,5000,6250
19HZ2,135000,500000,5000,6250
19FN1,130000,518750,5000,6250
19GN2,125000,506250,5000,6250
19FN2,135000,518750,5000,6250
19FZ1,130000,512500,5000,6250
19HZ1,130000,500000,5000,6250
19HN1,130000,506250,5000,6250
20BN1,150000,518750,5000,6250
19DZ2,115000,500000,5000,6250
19GZ1,120000,500000,5000,6250
20AN2,145000,518750,5000,6250
20DN2,155000,506250,5000,6250
19GZ2,125000,500000,5000,6250
20BZ1,150000,512500,5000,6250
19GN1,120000,506250,5000,6250
20DN1,150000,506250,5000,6250
20BN2,155000,518750,5000,6250
20AZ1,140000,512500,5000,6250
20EZ2,165000,512500,5000,6250
20AN1,140000,518750,5000,6250
20FZ1,170000,512500,5000,6250
20DZ1,150000,500000,5000,6250
20BZ2,155000,512500,5000,6250
20EN2,165000,518750,5000,6250
20FN1,170000,518750,5000,6250
20HN1,170000,506250,5000,6250
20DZ2,155000,500000,5000,6250
20GN1,160000,506250,5000,6250
20GZ1,160000,500000,5000,6250
20FN2,175000,518750,5000,6250
20FZ2,175000,512500,5000,6250
20HN2,175000,506250,5000,6250
20GZ2,165000,500000,5000,6250
20HZ2,175000,500000,5000,6250
20GN2,165000,506250,5000,6250
21AN1,180000,518750,5000,6250
21CZ2,185000,500000,5000,6250
20HZ1,170000,500000,5000,6250
21AZ2,185000,512500,5000,6250
21CN1,180000,506250,5000,6250
21AN2,185000,518750,5000,6250
21EN1,200000,518750,5000,6250
21BN1,190000,518750,5000,6250
21BZ2,195000,512500,5000,6250
21BN2,195000,518750,5000,6250
21DZ1,190000,500000,5000,6250
21DN1,190000,506250,5000,6250
21CN2,185000,506250,5000,6250
21BZ1,190000,512500,5000,6250
21CZ1,180000,500000,5000,6250
21EZ2,205000,512500,5000,6250
21DN2,195000,506250,5000,6250
21AZ1,180000,512500,5000,6250
21FZ1,210000,512500,5000,6250
21DZ2,195000,500000,5000,6250
21FN1,210000,518750,5000,6250
21FN2,215000,518750,5000,6250
21EN2,205000,518750,5000,6250
21GZ2,205000,500000,5000,6250
21EZ1,200000,512500,5000,6250
21HZ2,215000,500000,5000,6250
22AZ1,220000,512500,5000,6250
21HN2,215000,506250,5000,6250
21HZ1,210000,500000,5000,6250
21FZ2,215000,512500,5000,6250
21HN1,210000,506250,5000,6250
22BN1,230000,518750,5000,6250
21GZ1,200000,500000,5000,6250
22AZ2,225000,512500,5000,6250
22AN2,225000,518750,5000,6250
22CN2,225000,506250,5000,6250
21GN1,200000,506250,5000,6250
22AN1,220000,518750,5000,6250
22BZ1,230000,512500,5000,6250
22BZ2,235000,512500,5000,6250
22CN1,220000,506250,5000,6250
22BN2,235000,518750,5000,6250
22DN2,235000,506250,5000,6250
22CZ1,220000,500000,5000,6250
22DN1,230000,506250,5000,6250
21GN2,205000,506250,5000,6250
22EN1,240000,518750,5000,6250
22FN1,250000,518750,5000,6250
22FN2,255000,518750,5000,6250
22EZ2,245000,512500,5000,6250
22EN2,245000,518750,5000,6250
22EZ1,240000,512500,5000,6250
22DZ2,235000,500000,5000,6250
22CZ2,225000,500000,5000,6250
22GN1,240000,506250,5000,6250
22DZ1,230000,500000,5000,6250
22GZ1,240000,500000,5000,6250
23AN2,265000,518750,5000,6250
23AN1,260000,518750,5000,6250
22FZ2,255000,512500,5000,6250
23AZ2,265000,512500,5000,6250
24FN2,95000,493750,5000,6250
22GN2,245000,506250,5000,6250
25AN2,105000,493750,5000,6250
24FZ2,95000,487500,5000,6250
25AZ1,100000,487500,5000,6250
22GZ2,245000,500000,5000,6250
23AZ1,260000,512500,5000,6250
25AZ2,105000,487500,5000,6250
24HN1,90000,481250,5000,6250
24HN2,95000,481250,5000,6250
25BZ2,115000,487500,5000,6250
24HZ1,90000,475000,5000,6250
25AN1,100000,493750,5000,6250
25BN2,115000,493750,5000,6250
24HZ2,95000,475000,5000,6250
25BN1,110000,493750,5000,6250
25CZ2,105000,475000,5000,6250
25BZ1,110000,487500,5000,6250
25CN1,100000,481250,5000,6250
25DZ1,110000,475000,5000,6250
25DN1,110000,481250,5000,6250
25EN1,120000,493750,5000,6250
25CN2,105000,481250,5000,6250
25DZ2,115000,475000,5000,6250
25EZ1,120000,487500,5000,6250
25EN2,125000,493750,5000,6250
25CZ1,100000,475000,5000,6250
25FN1,130000,493750,5000,6250
25DN2,115000,481250,5000,6250
25FN2,135000,493750,5000,6250
25EZ2,125000,487500,5000,6250
25FZ2,135000,487500,5000,6250
25FZ1,130000,487500,5000,6250
25GN1,120000,481250,5000,6250
25GZ2,125000,475000,5000,6250
25GN2,125000,481250,5000,6250
25HN1,130000,481250,5000,6250
26AN2,145000,493750,5000,6250
26AN1,140000,493750,5000,6250
25HZ1,130000,475000,5000,6250
25GZ1,120000,475000,5000,6250
26BZ1,150000,487500,5000,6250
25HZ2,135000,475000,5000,6250
26BZ2,155000,487500,5000,6250
26AZ1,140000,487500,5000,6250
26AZ2,145000,487500,5000,6250
26CZ2,145000,475000,5000,6250
26BN2,155000,493750,5000,6250
26BN1,150000,493750,5000,6250
26DN2,155000,481250,5000,6250
25HN2,135000,481250,5000,6250
26DZ2,155000,475000,5000,6250
26CN1,140000,481250,5000,6250
26CN2,145000,481250,5000,6250
26DN1,150000,481250,5000,6250
26FN1,170000,493750,5000,6250
26DZ1,150000,475000,5000,6250
26CZ1,140000,475000,5000,6250
26EN2,165000,493750,5000,6250
26GN2,165000,481250,5000,6250
26EZ1,160000,487500,5000,6250
26EZ2,165000,487500,5000,6250
26FZ2,175000,487500,5000,6250
26EN1,160000,493750,5000,6250
26FZ1,170000,487500,5000,6250
26FN2,175000,493750,5000,6250
26HN2,175000,481250,5000,6250
26GN1,160000,481250,5000,6250
26GZ1,160000,475000,5000,6250
26GZ2,165000,475000,5000,6250
26HZ2,175000,475000,5000,6250
26HZ1,170000,475000,5000,6250
27AZ2,185000,487500,5000,6250
27AN1,180000,493750,5000,6250
27AZ1,180000,487500,5000,6250
27BZ1,190000,487500,5000,6250
27BN2,195000,493750,5000,6250
27CZ2,185000,475000,5000,6250
26HN1,170000,481250,5000,6250
27AN2,185000,493750,5000,6250
27BN1,190000,493750,5000,6250
27CN1,180000,481250,5000,6250
27DZ1,190000,475000,5000,6250
27CN2,185000,481250,5000,6250
27BZ2,195000,487500,5000,6250
27CZ1,180000,475000,5000,6250
27EN2,205000,493750,5000,6250
27FN1,210000,493750,5000,6250
27DN1,190000,481250,5000,6250
27DN2,195000,481250,5000,6250
27EZ2,205000,487500,5000,6250
27EN1,200000,493750,5000,6250
27EZ1,200000,487500,5000,6250
27FZ1,210000,487500,5000,6250
27GN1,200000,481250,5000,6250
27DZ2,195000,475000,5000,6250
27GN2,205000,481250,5000,6250
27FN2,215000,493750,5000,6250
27FZ2,215000,487500,5000,6250
27GZ2,205000,475000,5000,6250
27GZ1,200000,475000,5000,6250
28BN2,235000,493750,5000,6250
27HN2,215000,481250,5000,6250
28AN2,225000,493750,5000,6250
27HZ1,210000,475000,5000,6250
28AN1,220000,493750,5000,6250
27HN1,210000,481250,5000,6250
28BZ1,230000,487500,5000,6250
27HZ2,215000,475000,5000,6250
28DN2,235000,481250,5000,6250
28BZ2,235000,487500,5000,6250
28AZ1,220000,487500,5000,6250
28CZ1,220000,475000,5000,6250
28DZ2,235000,475000,5000,6250
28CZ2,225000,475000,5000,6250
28AZ2,225000,487500,5000,6250
28CN2,225000,481250,5000,6250
28DN1,230000,481250,5000,6250
28EZ2,245000,487500,5000,6250
28BN1,230000,493750,5000,6250
28GN1,240000,481250,5000,6250
28EN2,245000,493750,5000,6250
28FZ2,255000,487500,5000,6250
28CN1,220000,481250,5000,6250
28FN1,250000,493750,5000,6250
28DZ1,230000,475000,5000,6250
28EN1,240000,493750,5000,6250
28FN2,255000,493750,5000,6250
28EZ1,240000,487500,5000,6250
28FZ1,250000,487500,5000,6250
28GZ1,240000,475000,5000,6250
28HZ2,255000,475000,5000,6250
28HZ1,250000,475000,5000,6250
28GN2,245000,481250,5000,6250
29AN2,265000,493750,5000,6250
28HN1,250000,481250,5000,6250
29AZ2,265000,487500,5000,6250
29AZ1,260000,487500,5000,6250
29AN1,260000,493750,5000,6250
28GZ2,245000,475000,5000,6250
30DZ1,70000,450000,5000,6250
29CN1,260000,481250,5000,6250
30DZ2,75000,450000,5000,6250
29CZ1,260000,475000,5000,6250
28HN2,255000,481250,5000,6250
30EN2,85000,468750,5000,6250
29CN2,265000,481250,5000,6250
30FZ1,90000,462500,5000,6250
30EZ1,80000,462500,5000,6250
30FN1,90000,468750,5000,6250
29CZ2,265000,475000,5000,6250
30FN2,95000,468750,5000,6250
30GN1,80000,456250,5000,6250
30HN1,90000,456250,5000,6250
30GZ1,80000,450000,5000,6250
30HZ2,95000,450000,5000,6250
30GZ2,85000,450000,5000,6250
30DN2,75000,456250,5000,6250
30EZ2,85000,462500,5000,6250
30FZ2,95000,462500,5000,6250
31AZ1,100000,462500,5000,6250
30GN2,85000,456250,5000,6250
31AN1,100000,468750,5000,6250
30HN2,95000,456250,5000,6250
30HZ1,90000,450000,5000,6250
31AZ2,105000,462500,5000,6250
31BN2,115000,468750,5000,6250
31BZ1,110000,462500,5000,6250
31BZ2,115000,462500,5000,6250
31DN1,110000,456250,5000,6250
31CZ1,100000,450000,5000,6250
31AN2,105000,468750,5000,6250
31BN1,110000,468750,5000,6250
31EZ1,120000,462500,5000,6250
31DN2,115000,456250,5000,6250
31CN2,105000,456250,5000,6250
31DZ1,110000,450000,5000,6250
31CN1,100000,456250,5000,6250
31EN1,120000,468750,5000,6250
31CZ2,105000,450000,5000,6250
31EN2,125000,468750,5000,6250
31GN2,125000,456250,5000,6250
31EZ2,125000,462500,5000,6250
31FZ1,130000,462500,5000,6250
31DZ2,115000,450000,5000,6250
31FN1,130000,468750,5000,6250
31GZ1,120000,450000,5000,6250
32AN1,140000,468750,5000,6250
31GN1,120000,456250,5000,6250
31FN2,135000,468750,5000,6250
31FZ2,135000,462500,5000,6250
32AN2,145000,468750,5000,6250
32AZ1,140000,462500,5000,6250
31HZ2,135000,450000,5000,6250
32AZ2,145000,462500,5000,6250
32BN2,155000,468750,5000,6250
31HN1,130000,456250,5000,6250
31HZ1,130000,450000,5000,6250
32CZ1,140000,450000,5000,6250
31GZ2,125000,450000,5000,6250
32BN1,150000,468750,5000,6250
32CN1,140000,456250,5000,6250
31HN2,135000,456250,5000,6250
32DN2,155000,456250,5000,6250
32CN2,145000,456250,5000,6250
32CZ2,145000,450000,5000,6250
32DZ1,150000,450000,5000,6250
32BZ2,155000,462500,5000,6250
32HN1,170000,456250,5000,6250
32FN1,170000,468750,5000,6250
32BZ1,150000,462500,5000,6250
32FN2,175000,468750,5000,6250
32HN2,175000,456250,5000,6250
32EN1,160000,468750,5000,6250
32FZ1,170000,462500,5000,6250
32DZ2,155000,450000,5000,6250
32GN2,165000,456250,5000,6250
32FZ2,175000,462500,5000,6250
32EZ1,160000,462500,5000,6250
32DN1,150000,456250,5000,6250
32GZ2,165000,450000,5000,6250
32EN2,165000,468750,5000,6250
32EZ2,165000,462500,5000,6250
32HZ1,170000,450000,5000,6250
32HZ2,175000,450000,5000,6250
32GN1,160000,456250,5000,6250
33CN1,180000,456250,5000,6250
33BN1,190000,468750,5000,6250
33BZ2,195000,462500,5000,6250
33EN1,200000,468750,5000,6250
33AZ1,180000,462500,5000,6250
33CN2,185000,456250,5000,6250
32GZ1,160000,450000,5000,6250
33DN2,195000,456250,5000,6250
33AN1,180000,468750,5000,6250
33AN2,185000,468750,5000,6250
33AZ2,185000,462500,5000,6250
33EZ2,205000,462500,5000,6250
33CZ1,180000,450000,5000,6250
33BZ1,190000,462500,5000,6250
33DZ2,195000,450000,5000,6250
33EN2,205000,468750,5000,6250
33BN2,195000,468750,5000,6250
33DN1,190000,456250,5000,6250
34AN1,220000,468750,5000,6250
34AZ1,220000,462500,5000,6250
33FZ1,210000,462500,5000,6250
33GN1,200000,456250,5000,6250
33FZ2,215000,462500,5000,6250
33FN1,210000,468750,5000,6250
33GN2,205000,456250,5000,6250
33FN2,215000,468750,5000,6250
33DZ1,190000,450000,5000,6250
33EZ1,200000,462500,5000,6250
33GZ2,205000,450000,5000,6250
33CZ2,185000,450000,5000,6250
34AN2,225000,468750,5000,6250
33GZ1,200000,450000,5000,6250
34AZ2,225000,462500,5000,6250
33HN1,210000,456250,5000,6250
33HZ2,215000,450000,5000,6250
34BN2,235000,468750,5000,6250
33HZ1,210000,450000,5000,6250
33HN2,215000,456250,5000,6250
34FZ1,250000,462500,5000,6250
34BN1,230000,468750,5000,6250
34CN2,225000,456250,5000,6250
34DN1,230000,456250,5000,6250
34BZ1,230000,462500,5000,6250
34CN1,220000,456250,5000,6250
34DZ1,230000,450000,5000,6250
34DN2,235000,456250,5000,6250
34EZ1,240000,462500,5000,6250
34BZ2,235000,462500,5000,6250
34EZ2,245000,462500,5000,6250
34CZ2,225000,450000,5000,6250
34DZ2,235000,450000,5000,6250
34EN1,240000,468750,5000,6250
34EN2,245000,468750,5000,6250
34FN2,255000,468750,5000,6250
34FN1,250000,468750,5000,6250
34GZ1,240000,450000,5000,6250
34GN2,245000,456250,5000,6250
34GN1,240000,456250,5000,6250
34CZ1,220000,450000,5000,6250
35AN2,265000,468750,5000,6250
36FZ2,55000,437500,5000,6250
34FZ2,255000,462500,5000,6250
37AZ2,65000,437500,5000,6250
34HN2,255000,456250,5000,6250
37AN2,65000,443750,5000,6250
35AN1,260000,468750,5000,6250
37AN1,60000,443750,5000,6250
34GZ2,245000,450000,5000,6250
34HN1,250000,456250,5000,6250
37BN1,70000,443750,5000,6250
37CN2,65000,431250,5000,6250
37BZ1,70000,437500,5000,6250
35AZ1,260000,462500,5000,6250
37AZ1,60000,437500,5000,6250
37BN2,75000,443750,5000,6250
36HN2,55000,431250,5000,6250
37CN1,60000,431250,5000,6250
36FN2,55000,443750,5000,6250
37CZ1,60000,425000,5000,6250
37EN1,80000,443750,5000,6250
37BZ2,75000,437500,5000,6250
37CZ2,65000,425000,5000,6250
37DZ2,75000,425000,5000,6250
37DZ1,70000,425000,5000,6250
37DN2,75000,431250,5000,6250
37GZ1,80000,425000,5000,6250
37DN1,70000,431250,5000,6250
37FN2,95000,443750,5000,6250
37GN2,85000,431250,5000,6250
37EZ1,80000,437500,5000,6250
37FZ1,90000,437500,5000,6250
37FN1,90000,443750,5000,6250
37EN2,85000,443750,5000,6250
37FZ2,95000,437500,5000,6250
37EZ2,85000,437500,5000,6250
37HZ2,95000,425000,5000,6250
37HZ1,90000,425000,5000,6250
37GZ2,85000,425000,5000,6250
37HN1,90000,431250,5000,6250
38CZ1,100000,425000,5000,6250
37GN1,80000,431250,5000,6250
37HN2,95000,431250,5000,6250
38BZ2,115000,437500,5000,6250
38BN1,110000,443750,5000,6250
38BN2,115000,443750,5000,6250
38AN2,105000,443750,5000,6250
38AZ1,100000,437500,5000,6250
38CN1,100000,431250,5000,6250
38AZ2,105000,437500,5000,6250
38BZ1,110000,437500,5000,6250
38AN1,100000,443750,5000,6250
38CZ2,105000,425000,5000,6250
38CN2,105000,431250,5000,6250
38DZ1,110000,425000,5000,6250
38DN2,115000,431250,5000,6250
38EN2,125000,443750,5000,6250
38EZ2,125000,437500,5000,6250
38DZ2,115000,425000,5000,6250
38EZ1,120000,437500,5000,6250
38EN1,120000,443750,5000,6250
38FZ2,135000,437500,5000,6250
38DN1,110000,431250,5000,6250
38HZ1,130000,425000,5000,6250
38GN2,125000,431250,5000,6250
38FN2,135000,443750,5000,6250
38FZ1,130000,437500,5000,6250
38HN2,135000,431250,5000,6250
38FN1,130000,443750,5000,6250
39AZ1,140000,437500,5000,6250
38GZ2,125000,425000,5000,6250
39AN1,140000,443750,5000,6250
39BN2,155000,443750,5000,6250
38HN1,130000,431250,5000,6250
38GZ1,120000,425000,5000,6250
39AZ2,145000,437500,5000,6250
39BN1,150000,443750,5000,6250
39BZ2,155000,437500,5000,6250
39CZ2,145000,425000,5000,6250
38HZ2,135000,425000,5000,6250
39CN2,145000,431250,5000,6250
38GN1,120000,431250,5000,6250
39EZ1,160000,437500,5000,6250
39AN2,145000,443750,5000,6250
39DN2,155000,431250,5000,6250
39BZ1,150000,437500,5000,6250
39DN1,150000,431250,5000,6250
39DZ1,150000,425000,5000,6250
39CN1,140000,431250,5000,6250
39DZ2,155000,425000,5000,6250
39CZ1,140000,425000,5000,6250
39FN2,175000,443750,5000,6250
39EN1,160000,443750,5000,6250
39EZ2,165000,437500,5000,6250
39EN2,165000,443750,5000,6250
39GN1,160000,431250,5000,6250
39FN1,170000,443750,5000,6250
39HZ1,170000,425000,5000,6250
39FZ2,175000,437500,5000,6250
40AN2,185000,443750,5000,6250
39FZ1,170000,437500,5000,6250
39HN1,170000,431250,5000,6250
40AN1,180000,443750,5000,6250
39GN2,165000,431250,5000,6250
39GZ1,160000,425000,5000,6250
40AZ1,180000,437500,5000,6250
39HN2,175000,431250,5000,6250
39GZ2,165000,425000,5000,6250
40BZ2,195000,437500,5000,6250
39HZ2,175000,425000,5000,6250
40CN1,180000,431250,5000,6250
40BN2,195000,443750,5000,6250
40BN1,190000,443750,5000,6250
40BZ1,190000,437500,5000,6250
40AZ2,185000,437500,5000,6250
40CZ1,180000,425000,5000,6250
40DZ2,195000,425000,5000,6250
40CN2,185000,431250,5000,6250
40DZ1,190000,425000,5000,6250
40DN1,190000,431250,5000,6250
40CZ2,185000,425000,5000,6250
40FN2,215000,443750,5000,6250
40EZ2,205000,437500,5000,6250
40DN2,195000,431250,5000,6250
40EN2,205000,443750,5000,6250
40EN1,200000,443750,5000,6250
40FN1,210000,443750,5000,6250
40EZ1,200000,437500,5000,6250
40GN1,200000,431250,5000,6250
40HN1,210000,431250,5000,6250
40FZ2,215000,437500,5000,6250
40GZ1,200000,425000,5000,6250
40GZ2,205000,425000,5000,6250
41AN1,220000,443750,5000,6250
40GN2,205000,431250,5000,6250
40FZ1,210000,437500,5000,6250
40HZ2,215000,425000,5000,6250
41AZ1,220000,437500,5000,6250
41BZ2,235000,437500,5000,6250
40HN2,215000,431250,5000,6250
41BN1,230000,443750,5000,6250
41BZ1,230000,437500,5000,6250
41AZ2,225000,437500,5000,6250
41DN1,230000,431250,5000,6250
41AN2,225000,443750,5000,6250
41CZ2,225000,425000,5000,6250
41DN2,235000,431250,5000,6250
41CN2,225000,431250,5000,6250
41CN1,220000,431250,5000,6250
41DZ1,230000,425000,5000,6250
41CZ1,220000,425000,5000,6250
41GN1,240000,431250,5000,6250
41FZ1,250000,437500,5000,6250
41EZ1,240000,437500,5000,6250
41EN1,240000,443750,5000,6250
43AZ2,65000,412500,5000,6250
41EN2,245000,443750,5000,6250
41FN1,250000,443750,5000,6250
41EZ2,245000,437500,5000,6250
41BN2,235000,443750,5000,6250
43AZ1,60000,412500,5000,6250
43AN1,60000,418750,5000,6250
43CN1,60000,406250,5000,6250
43DN2,75000,406250,5000,6250
43DN1,70000,406250,5000,6250
43BZ2,75000,412500,5000,6250
43BN1,70000,418750,5000,6250
41GN2,245000,431250,5000,6250
43CZ1,60000,400000,5000,6250
43EN1,80000,418750,5000,6250
43EZ2,85000,412500,5000,6250
41HN1,250000,431250,5000,6250
43EN2,85000,418750,5000,6250
43AN2,65000,418750,5000,6250
43HN2,95000,406250,5000,6250
43CZ2,65000,400000,5000,6250
43EZ1,80000,412500,5000,6250
43BZ1,70000,412500,5000,6250
43BN2,75000,418750,5000,6250
43HN1,90000,406250,5000,6250
43DZ1,70000,400000,5000,6250
43HZ2,95000,400000,5000,6250
43FN1,90000,418750,5000,6250
43FZ1,90000,412500,5000,6250
43DZ2,75000,400000,5000,6250
44AN1,100000,418750,5000,6250
44AN2,105000,418750,5000,6250
43HZ1,90000,400000,5000,6250
44CN1,100000,406250,5000,6250
43CN2,65000,406250,5000,6250
43GN2,85000,406250,5000,6250
43GZ1,80000,400000,5000,6250
43FN2,95000,418750,5000,6250
44AZ2,105000,412500,5000,6250
43GN1,80000,406250,5000,6250
44BN2,115000,418750,5000,6250
44DN2,115000,406250,5000,6250
43GZ2,85000,400000,5000,6250
44BZ2,115000,412500,5000,6250
44BN1,110000,418750,5000,6250
44BZ1,110000,412500,5000,6250
43FZ2,95000,412500,5000,6250
44AZ1,100000,412500,5000,6250
44DN1,110000,406250,5000,6250
44DZ2,115000,400000,5000,6250
44CZ1,100000,400000,5000,6250
44CN2,105000,406250,5000,6250
44DZ1,110000,400000,5000,6250
44EZ2,125000,412500,5000,6250
44CZ2,105000,400000,5000,6250
44EN1,120000,418750,5000,6250
44FN2,135000,418750,5000,6250
44HN2,135000,406250,5000,6250
44FZ2,135000,412500,5000,6250
44GN1,120000,406250,5000,6250
45AN1,140000,418750,5000,6250
44HN1,130000,406250,5000,6250
44GZ1,120000,400000,5000,6250
44HZ1,130000,400000,5000,6250
44FN1,130000,418750,5000,6250
44FZ1,130000,412500,5000,6250
44EZ1,120000,412500,5000,6250
45AN2,145000,418750,5000,6250
44EN2,125000,418750,5000,6250
44GN2,125000,406250,5000,6250
45BZ2,155000,412500,5000,6250
45BN2,155000,418750,5000,6250
45AZ1,140000,412500,5000,6250
45DZ2,155000,400000,5000,6250
45CZ2,145000,400000,5000,6250
45EN2,165000,418750,5000,6250
45AZ2,145000,412500,5000,6250
45EN1,160000,418750,5000,6250
45DZ1,150000,400000,5000,6250
45DN2,155000,406250,5000,6250
45BZ1,150000,412500,5000,6250
45DN1,150000,406250,5000,6250
44GZ2,125000,400000,5000,6250
45FN1,170000,418750,5000,6250
44HZ2,135000,400000,5000,6250
45CZ1,140000,400000,5000,6250
45CN1,140000,406250,5000,6250
45CN2,145000,406250,5000,6250
45EZ2,165000,412500,5000,6250
45GN1,160000,406250,5000,6250
45FZ2,175000,412500,5000,6250
45FZ1,170000,412500,5000,6250
45BN1,150000,418750,5000,6250
45EZ1,160000,412500,5000,6250
45HN1,170000,406250,5000,6250
45FN2,175000,418750,5000,6250
45GN2,165000,406250,5000,6250
45HZ2,175000,400000,5000,6250
46BN2,195000,418750,5000,6250
46AN1,180000,418750,5000,6250
45HZ1,170000,400000,5000,6250
45GZ1,160000,400000,5000,6250
45HN2,175000,406250,5000,6250
46CZ1,180000,400000,5000,6250
45GZ2,165000,400000,5000,6250
46BZ2,195000,412500,5000,6250
46AN2,185000,418750,5000,6250
46CZ2,185000,400000,5000,6250
46DZ2,195000,400000,5000,6250
46BZ1,190000,412500,5000,6250
49AN1,60000,393750,5000,6250
46DZ1,190000,400000,5000,6250
46DN2,195000,406250,5000,6250
46CN2,185000,406250,5000,6250
46EZ1,200000,412500,5000,6250
46BN1,190000,418750,5000,6250
46AZ2,185000,412500,5000,6250
46CN1,180000,406250,5000,6250
46AZ1,180000,412500,5000,6250
46GN2,205000,406250,5000,6250
49AZ1,60000,387500,5000,6250
49BN2,75000,393750,5000,6250
49CN1,60000,381250,5000,6250
49CN2,65000,381250,5000,6250
46GN1,200000,406250,5000,6250
46GZ1,200000,400000,5000,6250
46GZ2,205000,400000,5000,6250
49DN2,75000,381250,5000,6250
49BZ1,70000,387500,5000,6250
49CZ1,60000,375000,5000,6250
49BZ2,75000,387500,5000,6250
46DN1,190000,406250,5000,6250
49DZ1,70000,375000,5000,6250
49BN1,70000,393750,5000,6250
49AZ2,65000,387500,5000,6250
49CZ2,65000,375000,5000,6250
49EZ1,80000,387500,5000,6250
49AN2,65000,393750,5000,6250
49FZ1,90000,387500,5000,6250
49FN2,95000,393750,5000,6250
49HN1,90000,381250,5000,6250
49EN1,80000,393750,5000,6250
49DN1,70000,381250,5000,6250
49EN2,85000,393750,5000,6250
49DZ2,75000,375000,5000,6250
49GN1,80000,381250,5000,6250
49FN1,90000,393750,5000,6250
50CN1,100000,381250,5000,6250
50BZ1,110000,387500,5000,6250
50BN2,115000,393750,5000,6250
49HN2,95000,381250,5000,6250
49EZ2,85000,387500,5000,6250
50AN2,105000,393750,5000,6250
50AZ2,105000,387500,5000,6250
49GN2,85000,381250,5000,6250
50AZ1,100000,387500,5000,6250
50AN1,100000,393750,5000,6250
50BN1,110000,393750,5000,6250
49GZ2,85000,375000,5000,6250
50EZ1,120000,387500,5000,6250
49GZ1,80000,375000,5000,6250
50DN2,115000,381250,5000,6250
50BZ2,115000,387500,5000,6250
50FZ2,135000,387500,5000,6250
50CN2,105000,381250,5000,6250
49FZ2,95000,387500,5000,6250
50DZ1,110000,375000,5000,6250
50GN2,125000,381250,5000,6250
50EN2,125000,393750,5000,6250
50DZ2,115000,375000,5000,6250
50GZ2,125000,375000,5000,6250
50FZ1,130000,387500,5000,6250
50EN1,120000,393750,5000,6250
50FN2,135000,393750,5000,6250
50DN1,110000,381250,5000,6250
51BN1,150000,393750,5000,6250
50GZ1,120000,375000,5000,6250
51AN2,145000,393750,5000,6250
50EZ2,125000,387500,5000,6250
50HN1,130000,381250,5000,6250
50HZ2,135000,375000,5000,6250
50HN2,135000,381250,5000,6250
50FN1,130000,393750,5000,6250
51DN1,150000,381250,5000,6250
51AZ2,145000,387500,5000,6250
51CN2,145000,381250,5000,6250
50GN1,120000,381250,5000,6250
50HZ1,130000,375000,5000,6250
51AZ1,140000,387500,5000,6250
51CN1,140000,381250,5000,6250
51BN2,155000,393750,5000,6250
51CZ1,140000,375000,5000,6250
51DZ2,155000,375000,5000,6250
51AN1,140000,393750,5000,6250
51BZ1,150000,387500,5000,6250
51EN1,160000,393750,5000,6250
51FN1,170000,393750,5000,6250
51DN2,155000,381250,5000,6250
51DZ1,150000,375000,5000,6250
51CZ2,145000,375000,5000,6250
51BZ2,155000,387500,5000,6250
51EZ1,160000,387500,5000,6250
51GN2,165000,381250,5000,6250
51HN2,175000,381250,5000,6250
51EN2,165000,393750,5000,6250
51FZ1,170000,387500,5000,6250
51FN2,175000,393750,5000,6250
51HZ2,175000,375000,5000,6250
51HN1,170000,381250,5000,6250
51EZ2,165000,387500,5000,6250
51GZ2,165000,375000,5000,6250
51GZ1,160000,375000,5000,6250
52BZ1,190000,387500,5000,6250
52AN1,180000,393750,5000,6250
51FZ2,175000,387500,5000,6250
51GN1,160000,381250,5000,6250
52BN2,195000,393750,5000,6250
51HZ1,170000,375000,5000,6250
52BN1,190000,393750,5000,6250
52CN2,185000,381250,5000,6250
52CN1,180000,381250,5000,6250
52AN2,185000,393750,5000,6250
52CZ2,185000,375000,5000,6250
52EN2,205000,393750,5000,6250
52AZ1,180000,387500,5000,6250
52CZ1,180000,375000,5000,6250
52DN2,195000,381250,5000,6250
52GZ1,200000,375000,5000,6250
52DZ2,195000,375000,5000,6250
52EZ1,200000,387500,5000,6250
52GN1,200000,381250,5000,6250
52DN1,190000,381250,5000,6250
52EN1,200000,393750,5000,6250
52AZ2,185000,387500,5000,6250
52DZ1,190000,375000,5000,6250
55AN2,65000,368750,5000,6250
55AN1,60000,368750,5000,6250
52FZ1,210000,387500,5000,6250
52GN2,205000,381250,5000,6250
52HZ1,210000,375000,5000,6250
52BZ2,195000,387500,5000,6250
52EZ2,205000,387500,5000,6250
55AZ1,60000,362500,5000,6250
55BZ1,70000,362500,5000,6250
52GZ2,205000,375000,5000,6250
52FN1,210000,393750,5000,6250
55AZ2,65000,362500,5000,6250
55CN1,60000,356250,5000,6250
57FN2,175000,368750,5000,6250
57BZ1,150000,362500,5000,6250
57EN2,165000,368750,5000,6250
57EN1,160000,368750,5000,6250
55BN1,70000,368750,5000,6250
55EN2,85000,368750,5000,6250
52HN1,210000,381250,5000,6250
57AN1,140000,368750,5000,6250
57AZ2,145000,362500,5000,6250
57BN1,150000,368750,5000,6250
57AN2,145000,368750,5000,6250
57BZ2,155000,362500,5000,6250
57HN2,175000,356250,5000,6250
56FN2,135000,368750,5000,6250
55EN1,80000,368750,5000,6250
57FN1,170000,368750,5000,6250
57EZ1,160000,362500,5000,6250
57HZ1,170000,350000,5000,6250
57AZ1,140000,362500,5000,6250
57BN2,155000,368750,5000,6250
58AZ1,180000,362500,5000,6250
57GN2,165000,356250,5000,6250
58BN2,195000,368750,5000,6250
58DZ2,195000,350000,5000,6250
58AZ2,185000,362500,5000,6250
58AN1,180000,368750,5000,6250
58AN2,185000,368750,5000,6250
58EN2,205000,368750,5000,6250
58DN2,195000,356250,5000,6250
58EN1,200000,368750,5000,6250
58DZ1,190000,350000,5000,6250
57FZ1,170000,362500,5000,6250
58CZ1,180000,350000,5000,6250
57HZ2,175000,350000,5000,6250
58CN2,185000,356250,5000,6250
58BZ1,190000,362500,5000,6250
58BN1,190000,368750,5000,6250
57FZ2,175000,362500,5000,6250
58CZ2,185000,350000,5000,6250
58EZ2,205000,362500,5000,6250
57HN1,170000,356250,5000,6250
58BZ2,195000,362500,5000,6250
58GN1,200000,356250,5000,6250
58GN2,205000,356250,5000,6250
57EZ2,165000,362500,5000,6250
58CN1,180000,356250,5000,6250
64GZ2,45000,406250,5000,6250
58EZ1,200000,362500,5000,6250
58HZ1,210000,350000,5000,6250
58FN1,210000,368750,5000,6250
58GZ2,205000,350000,5000,6250
64GN2,45000,412500,5000,6250
65AN2,25000,400000,5000,6250
64FN2,55000,425000,5000,6250
64FZ1,50000,418750,5000,6250
64EZ2,45000,418750,5000,6250
64EN2,45000,425000,5000,6250
64FZ2,55000,418750,5000,6250
58DN1,190000,356250,5000,6250
64DZ2,35000,406250,5000,6250
58GZ1,200000,350000,5000,6250
64DN2,35000,412500,5000,6250
65AZ1,20000,393750,5000,6250
64HZ1,50000,406250,5000,6250
65BN1,30000,400000,5000,6250
65BZ2,35000,393750,5000,6250
64GN1,40000,412500,5000,6250
64HN1,50000,412500,5000,6250
65BZ1,30000,393750,5000,6250
64FN1,50000,425000,5000,6250
64GZ1,40000,406250,5000,6250
64HZ2,55000,406250,5000,6250
65CZ2,25000,381250,5000,6250
65CN1,20000,387500,5000,6250
65EN2,45000,400000,5000,6250
65CN2,25000,387500,5000,6250
65AZ2,25000,393750,5000,6250
64HN2,55000,412500,5000,6250
65EZ1,40000,393750,5000,6250
65CZ1,20000,381250,5000,6250
65EZ2,45000,393750,5000,6250
65BN2,35000,400000,5000,6250
65DN2,35000,387500,5000,6250
65DZ2,35000,381250,5000,6250
65AN1,20000,400000,5000,6250
65FN2,55000,400000,5000,6250
65FZ1,50000,393750,5000,6250
65DZ1,30000,381250,5000,6250
65FN1,50000,400000,5000,6250
66FN1,10000,375000,5000,6250
65FZ2,55000,393750,5000,6250
65DN1,30000,387500,5000,6250
65GN1,40000,387500,5000,6250
66FZ2,15000,368750,5000,6250
65EN1,40000,400000,5000,6250
65GZ1,40000,381250,5000,6250
65HN2,55000,387500,5000,6250
66FN2,15000,375000,5000,6250
65GZ2,45000,381250,5000,6250
65HZ1,50000,381250,5000,6250
67AZ2,25000,368750,5000,6250
67BN2,35000,375000,5000,6250
65HN1,50000,387500,5000,6250
65GN2,45000,387500,5000,6250
66HN2,15000,362500,5000,6250
67BZ2,35000,368750,5000,6250
67AN1,20000,375000,5000,6250
65HZ2,55000,381250,5000,6250
67BN1,30000,375000,5000,6250
67AZ1,20000,368750,5000,6250
67DN1,30000,362500,5000,6250
66FZ1,10000,368750,5000,6250
67EN1,40000,375000,5000,6250
67BZ1,30000,368750,5000,6250
67DN2,35000,362500,5000,6250
67AN2,25000,375000,5000,6250
67EZ1,40000,368750,5000,6250
67GN2,45000,362500,5000,6250
67EN2,45000,375000,5000,6250
66HN1,10000,362500,5000,6250
68BN2,185000,343750,5000,6250
67FN1,50000,375000,5000,6250
67CN1,20000,362500,5000,6250
67HN2,55000,362500,5000,6250
67FZ2,55000,368750,5000,6250
67FN2,55000,375000,5000,6250
67HZ1,50000,356250,5000,6250
67GN1,40000,362500,5000,6250
67GZ2,45000,356250,5000,6250
68DN1,180000,331250,5000,6250
67GZ1,40000,356250,5000,6250
67CN2,25000,362500,5000,6250
68BN1,180000,343750,5000,6250
67EZ2,45000,368750,5000,6250
68CN2,175000,331250,5000,6250
68BZ1,180000,337500,5000,6250
67FZ1,50000,368750,5000,6250
68DN2,185000,331250,5000,6250
68EZ1,190000,337500,5000,6250
68CZ2,175000,325000,5000,6250
68FN2,205000,343750,5000,6250
67HN1,50000,362500,5000,6250
68EN2,195000,343750,5000,6250
68DZ1,180000,325000,5000,6250
67HZ2,55000,356250,5000,6250
68EN1,190000,343750,5000,6250
68BZ2,185000,337500,5000,6250
68GN2,195000,331250,5000,6250
68GN1,190000,331250,5000,6250
68DZ2,185000,325000,5000,6250
69DN1,180000,306250,5000,6250
68EZ2,195000,337500,5000,6250
69AN2,175000,318750,5000,6250
69BZ1,180000,312500,5000,6250
68GZ2,195000,325000,5000,6250
68GZ1,190000,325000,5000,6250
68FN1,200000,343750,5000,6250
69AN1,170000,318750,5000,6250
69EN1,190000,318750,5000,6250
69AZ1,170000,312500,5000,6250
69AZ2,175000,312500,5000,6250
69EZ1,190000,312500,5000,6250
68HZ1,200000,325000,5000,6250
69BN1,180000,318750,5000,6250
69FN1,200000,318750,5000,6250
69GN2,195000,306250,5000,6250
69GN1,190000,306250,5000,6250
69BN2,185000,318750,5000,6250
69EZ2,195000,312500,5000,6250
69HN1,200000,306250,5000,6250
69BZ2,185000,312500,5000,6250
69DN2,185000,306250,5000,6250
70FZ2,15000,393750,5000,6250
69FZ1,200000,312500,5000,6250
69CN2,175000,306250,5000,6250
69EN2,195000,318750,5000,6250
